321 0 0.0901946
322 0 0.0773138
323 0 0.087919
324 0 0.0870303
325 0 0.0870238
326 0 0.0752165
327 0 0.0703263
328 0 0.114732
329 0 0.0834794
330 0 0.0962173
331 0 0.0933931
332 0 0.0935471
333 0 0.0919942
334 0 0.0877619
335 0 0.0693464
336 0 0.0880615
337 0 0.10276
338 0 0.118661
339 0 0.0884027
340 0 0.0840256
341 0 0.122515
342 0 0.115278
343 0 0.106578
344 0 0.0736526
345 0 0.110064
346 0 0.0850589
347 0 0.0978242
348 0 0.085321
349 0 0.114647
350 1 0.0898227
351 0 0.0897188
352 0 0.099465
353 0 0.103289
354 0 0.102916
355 0 0.0778497
356 0 0.0926566
357 0 0.0941587
358 0 0.0888074
359 0 0.0663909
360 0 0.0840418
361 0 0.0962102
362 0 0.105727
363 0 0.103068
364 0 0.084491
365 0 0.0971668
366 0 0.0903378
367 0 0.172076
368 0 0.0872815
369 0 0.0873109
370 0 0.0692326
371 0 0.0662367
372 0 0.103721
373 0 0.114774
374 0 0.102227
375 0 0.0861997
376 0 0.0740948
377 0 0.0860886
378 0 0.0714545
379 0 0.0653572
380 0 0.0995977
381 0 0.0831608
382 0 0.0882501
383 0 0.0657153
384 1 0.0834942
385 0 0.0583641
386 0 0.0699186
387 0 0.091475
388 0 0.0824343
389 0 0.100646
390 0 0.10372
391 0 0.105835
392 0 0.0941853
393 0 0.0894209
394 0 0.099885
395 0 0.0949
396 0 0.0843624
397 0 0.0777028
398 0 0.0847914
399 0 0.0689363
400 0 0.0738594
401 1 0.15454
402 0 0.0841565
403 0 0.08445
404 0 0.0857386
405 0 0.0851283
406 0 0.0981079
407 0 0.100662
408 0 0.0913503
409 0 0.090076
410 0 0.0852308
411 0 0.0763273
412 0 0.0925534
413 0 0.11873
414 0 0.10438
415 0 0.0882085
416 1 0.104462
417 0 0.103362
418 0 0.0866804
419 0 0.104416
420 0 0.0952429
421 0 0.0843686
422 0 0.0984805
423 0 0.0900716
424 0 0.0747644
425 0 0.104955
426 0 0.0806717
427 0 0.0754405
428 0 0.105844
429 0 0.10087
430 0 0.101886
431 0 0.0897511
432 1 0.117511
433 0 0.0934632
434 0 0.0823333
435 0 0.0999034
436 0 0.102055
437 0 0.0917285
438 0 0.0772758
439 0 0.100287
440 1 0.101222
441 0 0.100726
442 0 0.0976306
443 0 0.100278
444 0 0.095797
445 0 0.0878599
446 0 0.0816694
447 0 0.0885191
448 0 0.0910907
449 0 0.0927267
450 0 0.112835
451 0 0.0964454
452 0 0.0765596
453 0 0.0869553
454 0 0.0797033
455 0 0.0926172
456 0 0.0798883
457 0 0.0821965
458 0 0.0838751
459 1 0.105217
460 0 0.0980878
461 0 0.0873653
462 0 0.072404
463 0 0.0855811
464 0 0.120596
465 0 0.0722727
466 0 0.104297
467 0 0.0787626
468 1 0.121522
469 1 0.104236
470 1 0.105305
471 0 0.0984443
472 0 0.0901339
473 0 0.0904704
474 0 0.0853826
475 0 0.102699
476 0 0.0976067
477 0 0.0938787
478 1 0.112412
479 0 0.092903
480 0 0.107245
481 0 0.0962851
482 0 0.0932215
483 0 0.107931
484 1 0.126169
485 0 0.0854346
486 0 0.0900069
487 0 0.0817853
488 0 0.0983657
489 0 0.0884604
490 0 0.107592
491 1 0.115284
492 0 0.0911051
493 0 0.0822823
494 1 0.101575
495 0 0.101628
496 0 0.0884357
497 1 0.120371
498 0 0.0830093
499 0 0.0812161
500 0 0.103242
501 0 0.0921363
502 0 0.0976013
503 0 0.0864123
504 0 0.0972705
505 0 0.0974964
506 0 0.0955836
507 0 0.10333
508 0 0.0936097
509 0 0.0941975
510 0 0.0932184
511 0 0.0980396
512 0 0.0860992
513 0 0.0935587
514 1 0.122524
515 0 0.0950186
516 0 0.0838951
517 0 0.103258
518 0 0.0908837
519 0 0.10281
520 0 0.0774161
521 0 0.098836
522 0 0.0874499
523 0 0.0873288
524 0 0.0791751
525 0 0.10018
526 0 0.0985386
527 1 0.101155
528 0 0.0903696
529 0 0.0903167
530 1 0.121298
531 0 0.0969921
532 0 0.089397
533 1 0.0997936
534 0 0.0909355
535 0 0.0870116
536 0 0.0998097
537 0 0.0880468
538 1 0.106631
539 0 0.0967944
540 0 0.0978587
541 0 0.0987787
542 0 0.0804635
543 0 0.103711
544 0 0.0982796
545 0 0.0936314
546 0 0.0948993
547 0 0.095522
548 0 0.103879
549 0 0.0916708
550 0 0.0807158
551 0 0.0844515
552 0 0.0747161
553 0 0.106353
554 0 0.0865765
555 0 0.0916885
556 0 0.111607
557 0 0.0835337
558 0 0.0880416
559 0 0.0895791
560 0 0.0859699
561 0 0.110634
562 0 0.0913245
563 0 0.098181
564 0 0.0874707
565 0 0.0936526
566 0 0.0970018
567 0 0.0955649
568 0 0.0865463
569 0 0.079802
570 0 0.0878955
571 0 0.0804981
572 0 0.101277
573 0 0.0958546
574 0 0.0960648
575 0 0.0836493
576 0 0.0874585
577 0 0.0840972
578 0 0.0933244
579 0 0.0867904
580 0 0.0956805
581 0 0.0774015
582 0 0.0850829
583 0 0.0976354
584 1 0.0944073
585 0 0.0855153
586 0 0.0975288
587 0 0.0834485
588 0 0.0793906
589 0 0.10012
590 0 0.0978115
591 0 0.0954044
592 0 0.0940868
593 0 0.0899041
594 0 0.0909798
595 0 0.097368
596 0 0.0961195
597 0 0.0984852
598 1 0.0840551
599 0 0.0851797
600 0 0.101423
601 1 0.0932261
602 1 0.0796884
603 0 0.0972682
604 0 0.0945092
605 0 0.0810021
606 0 0.0855316
607 1 0.0849069
608 0 0.103337
609 0 0.0868661
610 0 0.102192
611 0 0.102115
612 0 0.0881767
613 0 0.0849384
614 0 0.076364
615 0 0.0991911
616 1 0.110942
617 0 0.112592
618 0 0.0958538
619 1 0.0873733
620 1 0.100344
621 1 0.0914086
622 1 0.0785223
623 1 0.0879109
624 1 0.0786338
625 1 0.0741163
626 1 0.0827255
627 1 0.0820362
628 1 0.102858
629 1 0.0860516
630 1 0.0874174
631 0 0.0922333
632 0 0.0964843
633 0 0.0892695
634 0 0.0821272
635 0 0.0799529
636 0 0.0797924
637 0 0.0824676
638 0 0.0929672
639 0 0.103163
640 0 0.0945839
641 0 0.0802158
642 0 0.092967
643 0 0.0897758
644 0 0.0881062
645 0 0.103043
646 0 0.0853216
647 0 0.0890709
648 0 0.0901033
649 0 0.0751405
650 0 0.0923817
651 0 0.0917521
652 0 0.103553
653 0 0.0899899
654 0 0.0841884
655 0 0.0850408
656 0 0.0804316
657 0 0.088129
658 0 0.0936573
659 0 0.0885246
660 0 0.0933904
661 0 0.0894385
662 0 0.108149
663 0 0.100051
664 0 0.0937641
665 0 0.0982358
666 0 0.0765174
667 0 0.0912495
668 0 0.0871461
669 0 0.0888763
670 0 0.0975927
671 0 0.0850575
672 0 0.0894961
673 0 0.0881204
674 1 0.135714
675 0 0.111025
676 0 0.0742742
677 0 0.0904887
678 0 0.100801
679 0 0.0956771
680 0 0.0831218
681 0 0.0859399
682 0 0.0983522
683 0 0.0857351
684 0 0.0894407
685 0 0.0962479
686 0 0.0925452
687 0 0.0750021
688 0 0.0850354
689 0 0.0917357
690 0 0.0869726
691 0 0.0943988
692 0 0.0742712
693 0 0.0738986
694 1 0.123882
695 0 0.10308
696 0 0.0768672
697 0 0.092499
698 0 0.0901506
699 0 0.0831682
700 0 0.0955951
  
