475 0 0.158572
476 0 0.145657
477 0 0.141233
478 1 0.143191
479 0 0.141233
480 0 0.143191
481 0 0.185103
482 0 0.163152
483 0 0.145726
484 0 0.151378
485 0 0.150947
486 0 0.14009
487 0 0.157593
488 0 0.165165
489 1 0.162672
490 0 0.148272
491 0 0.127238
492 0 0.143019
493 0 0.144145
494 0 0.143346
495 0 0.143259
496 0 0.151373
497 0 0.150943
498 0 0.174734
499 0 0.160431
500 0 0.142643
501 0 0.159442
502 0 0.156598
503 0 0.133766
504 0 0.220723
505 1 0.183255
506 0 0.155113
507 0 0.159386
508 0 0.158925
509 0 0.19061
510 0 0.167843
511 0 0.145453
512 0 0.161475
513 0 0.156744
514 0 0.204706
515 0 0.173787
516 0 0.149368
517 0 0.157566
518 0 0.198242
519 0 0.173778
520 0 0.149361
521 0 0.204791
522 0 0.209951
523 0 0.166028
524 0 0.168871
525 0 0.195119
526 0 0.214477
527 0 0.204675
528 1 0.170473
529 0 0.147958
530 0 0.170467
531 0 0.147958
532 0 0.123745
533 1 0.144746
534 0 0.129044
535 0 0.159996
536 0 0.157892
537 0 0.0937891
538 0 0.19228
539 0 0.23071
540 0 0.238023
541 0 0.125023
542 0 0.000137598
543 0 0.0833996
544 0 0.123735
545 0 0.144736
546 0 0.129051
547 0 0.249925
548 0 0.285569
549 0 0.204606
550 1 0.17046
551 0 0.147964
552 0 0.170437
553 0 0.147975
554 0 0.170478
555 0 0.147986
556 0 0.123811
557 0 0.14477
558 0 0.129061
559 0 0.159992
560 0 0.157893
561 1 0.0938229
562 0 0.192261
563 0 0.230666
564 0 0.17048
565 0 0.147973
566 1 0.170437
567 0 0.147976
568 0 0.170452
569 0 0.147938
570 0 0.123868
571 0 0.144794
572 0 0.129076
573 0 0.249889
574 0 0.285523
575 0 0.20458
576 0 0.170466
577 0 0.204709
578 0 0.170495
579 0 0.147973
580 0 0.170457
581 0 0.147975
582 0 0.17045
583 0 0.147978
584 0 0.170458
585 0 0.14798
586 0 0.170447
587 0 0.147962
588 0 0.123803
589 0 0.144767
590 1 0.129059
591 0 0.160002
592 0 0.269122
593 0 0.20462
594 0 0.171913
595 0 0.174377
596 0 0.202079
597 0 0.170583
598 0 0.14827
599 0 0.168937
600 0 0.148654
601 0 0.16837
602 0 0.149044
603 0 0.128129
604 0 0.145851
605 0 0.1303
606 1 0.244497
607 0 0.278243
608 0 0.200754
609 1 0.170058
610 0 0.207221
611 0 0.171826
612 0 0.148849
613 0 0.169581
614 0 0.148851
615 0 0.126945
616 0 0.2273
617 0 0.269215
618 0 0.204666
619 0 0.170472
620 0 0.204677
621 0 0.170475
622 0 0.14796
623 0 0.170472
624 0 0.147961
625 0 0.170467
626 0 0.147962
627 0 0.17047
628 0 0.147961
629 0 0.170464
630 0 0.147956
631 0 0.170461
632 0 0.147957
633 0 0.170456
634 0 0.204653
635 0 0.170472
636 0 0.147959
637 0 0.170461
638 0 0.147964
639 0 0.170447
640 0 0.204666
641 1 0.304251
642 0 0.180213
643 0 0.154444
644 0 0.142233
645 0 0.154586
646 0 0.141749
647 0 0.157992
648 0 0.145613
649 0 0.155687
650 0 0.139964
  
