321 1 0.186212
322 0 0.203792
323 0 0.159978
324 0 0.193054
325 0 0.19473
326 0 0.212637
327 0 0.140145
328 0 0.141261
329 1 0.28084
330 0 0.208587
331 0 0.159491
332 0 0.0531937
333 0 0.162758
334 1 0.173992
335 0 0.176676
336 0 0.204626
337 0 0.210293
338 0 0.191789
339 0 0.194581
340 0 0.212815
341 0 0.182339
342 0 0.177974
343 1 0.187311
344 1 0.184235
345 0 0.189856
346 0 0.171809
347 1 0.221246
348 0 0.185227
349 0 0.144496
350 0 0.149316
351 1 0.262082
352 0 0.222518
353 0 0.1849
354 0 0.16057
355 0 0.197931
356 0 0.213551
357 1 0.181261
358 0 0.159608
359 0 0.145035
360 0 0.15999
361 0 0.265655
362 0 0.158634
363 0 0.215035
364 1 0.171584
365 0 0.187376
366 0 0.193084
367 0 0.202607
368 0 0.193458
369 0 0.240333
370 0 0.184369
371 0 0.149293
372 0 0.180943
373 0 0.223451
374 0 0.176
375 1 0.281682
376 0 0.1531
377 0 0.108054
378 0 0.193107
379 0 0.242767
380 0 0.1471
381 0 0.191204
382 1 0.245649
383 0 0.210635
384 0 0.176106
385 0 0.168235
386 0 0.197644
387 0 0.198319
388 0 0.127185
389 0 0.186368
390 0 0.164761
391 0 0.186622
392 0 0.169054
393 0 0.13564
394 0 0.124737
395 1 0.224827
396 1 0.237562
397 0 0.19106
398 0 0.187428
399 0 0.231894
400 0 0.216754
401 0 0.217257
402 1 0.325797
403 1 0.312989
404 1 0.189377
405 0 0.123102
406 0 0.207312
407 0 0.188757
408 0 0.207128
409 1 0.183558
410 0 0.261702
411 0 0.170398
412 0 0.14161
413 0 0.182063
414 0 0.162758
415 0 0.156697
416 0 0.123629
417 0 0.0697292
418 0 0.179449
419 0 0.197306
420 0 0.13047
421 0 0.176685
422 0 0.171677
423 0 0.215541
424 0 0.169306
425 0 0.17267
426 0 0.208448
427 0 0.133384
428 1 0.200454
429 0 0.172388
430 0 0.16375
431 0 0.237581
432 0 0.220069
433 0 0.192443
434 0 0.143614
435 0 0.210422
436 0 0.223784
437 0 0.163078
438 0 0.24525
439 0 0.201777
440 0 0.240754
441 0 0.193339
442 0 0.177412
443 0 0.181907
444 0 0.193881
445 0 0.169762
446 0 0.165845
447 0 0.144154
448 0 0.209524
449 1 0.20147
450 0 0.222593
451 0 0.16381
452 0 0.213406
453 1 0.314834
454 1 0.304066
455 0 0.234728
456 0 0.115003
457 0 0.139836
458 0 0.154777
459 0 0.149179
460 0 0.220412
461 0 0.228097
462 1 0.203068
463 0 0.199017
464 1 0.222856
465 0 0.19405
466 1 0.158893
467 0 0.196606
468 0 0.210025
469 0 0.191316
470 0 0.225338
471 0 0.226745
472 0 0.122105
473 0 0.137887
474 1 0.188347
475 1 0.262375
476 0 0.281106
477 0 0.130003
478 1 0.186106
479 0 0.206937
480 0 0.15731
481 0 0.17574
482 0 0.155091
483 1 0.218273
484 0 0.226656
485 1 0.282069
486 0 0.176127
487 0 0.199515
488 0 0.179881
489 0 0.163815
490 0 0.181566
491 0 0.206865
492 0 0.201057
493 0 0.173274
494 0 0.208604
495 0 0.189247
496 0 0.160984
497 0 0.189962
498 0 0.22328
499 0 0.131039
500 0 0.142854
501 0 0.165373
502 0 0.169095
503 0 0.174667
504 0 0.201282
505 0 0.183713
506 0 0.192598
507 0 0.214036
508 1 0.175739
509 1 0.264461
510 0 0.201757
511 1 0.235982
512 1 0.262331
513 0 0.170662
514 0 0.184543
515 0 0.141538
516 0 0.150437
517 0 0.153842
518 1 0.245818
519 1 0.290978
520 0 0.17921
521 0 0.209769
522 0 0.184968
523 0 0.173478
524 0 0.152306
525 0 0.194448
526 0 0.229202
527 0 0.200123
528 0 0.138526
529 1 0.235715
530 0 0.244974
531 0 0.198635
532 0 0.182657
533 0 0.200612
534 0 0.179699
535 0 0.181641
536 0 0.168009
537 0 0.134438
538 0 0.146908
539 1 0.293435
540 0 0.206375
541 0 0.232522
542 0 0.204289
543 0 0.226191
544 0 0.256272
545 0 0.173254
546 0 0.174936
547 0 0.217838
548 0 0.148303
549 1 0.221037
550 1 0.294934
551 0 0.166025
552 0 0.219069
553 1 0.156526
554 1 0.188773
555 0 0.172151
556 1 0.223426
557 0 0.165383
558 0 0.184248
559 0 0.124013
560 0 0.187262
561 1 0.213309
562 1 0.162523
563 0 0.165627
564 0 0.205881
565 0 0.205438
566 0 0.156404
567 0 0.191461
568 0 0.193939
569 0 0.17924
570 0 0.179568
571 0 0.211333
572 0 0.204119
573 1 0.113729
574 0 0.137608
575 0 0.210322
576 0 0.161793
577 0 0.195149
578 0 0.17882
579 0 0.184464
580 0 0.178564
581 0 0.191885
582 0 0.174085
583 0 0.175556
584 0 0.16815
585 1 0.172149
586 0 0.160131
587 0 0.152627
588 0 0.20194
589 0 0.185507
590 0 0.165825
591 0 0.202403
592 0 0.143759
593 1 0.164269
594 0 0.273682
595 0 0.162219
596 0 0.169056
597 1 0.172004
598 0 0.217089
599 1 0.163354
600 0 0.151515
601 0 0.175124
602 0 0.198891
603 1 0.196709
604 0 0.195345
605 1 0.214752
606 0 0.203836
607 1 0.178357
608 0 0.119014
609 0 0.140671
610 0 0.198272
611 0 0.163824
612 0 0.140884
613 0 0.181815
614 0 0.185676
615 0 0.114524
616 0 0.167494
617 1 0.142337
618 0 0.209331
619 0 0.206442
620 0 0.202984
621 1 0.181815
622 0 0.153722
623 0 0.152808
624 1 0.152394
625 0 0.216382
626 0 0.22554
627 0 0.182315
628 0 0.175988
629 0 0.163656
630 0 0.190812
631 0 0.188374
632 0 0.200136
633 0 0.184179
634 0 0.170541
635 0 0.164932
636 0 0.209095
637 0 0.150494
638 0 0.180166
639 0 0.194009
640 0 0.191274
641 0 0.147147
642 0 0.166646
643 0 0.149262
644 0 0.236273
645 0 0.235544
646 0 0.151052
647 0 0.211591
648 0 0.160417
649 0 0.182534
650 0 0.151942
  
